              precision    recall  f1-score   support

           0     0.9919    0.9939    0.9929       980
           1     0.9913    0.9982    0.9947      1135
           2     0.9884    0.9922    0.9903      1032
           3     0.9901    0.9921    0.9911      1010
           4     0.9839    0.9949    0.9894       982
           5     0.9789    0.9888    0.9838       892
           6     0.9968    0.9802    0.9884       958
           7     0.9883    0.9864    0.9873      1028
           8     0.9928    0.9897    0.9913       974
           9     0.9909    0.9762    0.9835      1009

    accuracy                         0.9894     10000
   macro avg     0.9893    0.9893    0.9893     10000
weighted avg     0.9894    0.9894    0.9894     10000
